0 1
1 2
3 7
6 8
7 10
3 10
1 4
2 9
8 9
5 6
0 5
4 8
0 1
6 12
3 4
2 7
5 8
1 11
9 12
8 10
7 13
2 13
4 5
3 5
1 10
3 6
3 12
1 9
0 11
9 10
0 7
3 8
1 2
10 11
4 13
4 6
5 7
8 12
4 5
6 13
1 10
0 5
3 12
2 11
1 9
6 12
3 16
3 13
8 9
2 5
4 5
9 10
2 4
1 2
10 11
0 16
1 5
13 16
6 7
7 12
12 17
4 13
14 17
0 3
8 10
9 15
11 15
7 14
3 16
8 9
2 11
1 9
0 17
2 14
7 10
4 5
5 6
12 15
3 15
11 13
1 8
2 13
6 7
15 16
6 10
12 14
4 10
3 17
0 3
2 12
4 10
0 7
0 10
2 7
1 5
9 11
8 10
1 4
11 12
2 6
5 6
1 10
3 9
3 12
1 6
0 8
3 11
6 15
3 10
0 5
8 12
0 11
4 5
5 6
3 6
8 14
1 2
0 4
10 11
2 13
7 9
12 14
3 5
9 12
1 13
13 15
7 14
5 7
4 15
5 10
8 9
13 14
3 9
5 6
12 15
4 11
0 1
0 7
10 14
6 10
3 8
10 13
11 12
2 3
2 9
1 7
11 15
2 4
0 4
1 8
8 10
2 3
4 7
0 2
4 5
3 9
5 6
1 7
1 10
1 6
2 5
6 9
1 9
0 1
0 7
2 4
1 5
2 10
8 10
1 4
4 5
3 9
0 5
3 6
0 8
6 9
7 8
2 4
3 8
0 4
3 4
2 3
7 9
0 2
1 7
4 5
5 6
8 9
1 6
1 9
0 1
9 10
5 11
9 13
10 13
0 6
0 12
0 2
2 12
4 8
5 6
7 8
1 6
4 7
3 5
3 11
4 9
4 15
11 14
1 3
0 11
1 12
13 14
6 8
4 5
5 15
8 14
1 2
0 13
11 13
7 9
6 10
7 15
8 10
2 3
2 12
0 1
4 10
13 14
1 2
6 11
3 7
2 10
0 9
12 13
8 13
6 7
4 5
0 5
8 12
7 11
1 9
12 14
3 11
4 10
9 13
3 4
1 11
1 14
0 9
3 10
5 7
8 13
6 7
4 12
8 9
5 6
9 14
10 12
0 14
2 11
2 8
1 2
3 4
3 7
0 3
4 6
2 3
0 2
1 7
5 6
0 5
4 7
6 15
3 4
4 12
5 13
8 9
9 11
0 8
2 5
0 11
1 12
3 9
3 12
8 11
2 10
1 14
2 13
6 7
7 15
12 14
10 13
12 13
3 13
5 10
8 9
1 6
2 8
4 5
3 9
4 14
3 12
0 1
1 2
2 7
10 14
3 11
3 8
5 14
0 6
1 7
7 11
0 7
2 4
3 8
0 10
4 9
7 10
1 4
5 13
6 13
5 6
8 12
3 12
4 11
2 11
1 9
1 12
4 10
0 7
10 11
0 9
2 3
8 9
2 6
5 6
7 8
7 12
4 11
0 8
2 5
1 9
3 5
0 1
0 10
1 7
2 3
2 13
3 9
4 5
5 6
8 9
10 13
11 12
13 14
15 16
0 5
1 2
3 4
3 6
